20
# CAS 74-85-1, Molecule1
C 0.00000000 -0.00000000 2.63044602
C 0.00000000 0.00000000 -5.32562322
C 0.00000000 -2.28292518 -1.38006964
C 0.00000000 2.28292518 -1.38006964
C 0.00000000 -2.25969211 -4.02080437
C 0.00000000 2.25969211 -4.02080437
C 0.00000000 -4.51358507 0.05853045
C 0.00000000 4.51358507 0.05853045
C 0.00000000 -4.33214653 2.63970976
C 0.00000000 4.33214653 2.63970976
N 0.00000000 -0.00000000 -0.07278591
N 0.00000000 -2.16002933 3.92349961
N 0.00000000 2.16002933 3.92349961
H 0.00000000 -4.05303029 -4.97864815
H 0.00000000 4.05303029 -4.97864815
H 0.00000000 -6.30224117 -0.90474256
H 0.00000000 6.30224117 -0.90474256
H 0.00000000 -6.02602008 3.78110657
H 0.00000000 6.02602008 3.78110657
H 0.00000000 0.00000000 -7.36246610

18
# CAS 74-86-2, Molecule2
C 0.00000000 -0.00000000 2.63028268
C 0.00000000 0.00000000 -5.22697144
C 0.00000000 -2.30154257 -1.30908237
C 0.00000000 2.30154257 -1.30908237
C 0.00000000 -2.27360261 -3.93623932
C 0.00000000 2.27360261 -3.93623932
C 0.00000000 -4.28150962 2.47338977
C 0.00000000 4.28150962 2.47338977
N 0.00000000 -0.00000000 -0.03667172
N 0.00000000 -4.49490929 -0.00724176
N 0.00000000 4.49490929 -0.00724176
N 0.00000000 -2.18121748 3.87245554
N 0.00000000 2.18121748 3.87245554
H 0.00000000 -4.07269227 -4.87627993
H 0.00000000 4.07269227 -4.87627993
H 0.00000000 -6.03233631 3.52231827
H 0.00000000 6.03233631 3.52231827
H 0.00000000 0.00000000 -7.26365004

18
# CAS 630-08-0, Molecule3
C 0.00000000 -0.00000000 2.69111414
C 0.00000000 0.00000000 -4.87509998
C 0.00000000 2.30395543 -1.27061860
C 0.00000000 -2.30395543 -1.27061860
C 0.00000000 4.49331827 2.44641378
C 0.00000000 -4.49331827 2.44641378
C 0.00000000 2.34715406 3.90527014
C 0.00000000 -2.34715406 3.90527014
N 0.00000000 -0.00000000 0.07673672
N 0.00000000 4.51036788 -0.07937485
N 0.00000000 -4.51036788 -0.07937485
N 0.00000000 2.25973325 -3.79578718
N 0.00000000 -2.25973325 -3.79578718
H 0.00000000 6.33127298 3.33521921
H 0.00000000 -6.33127298 3.33521921
H 0.00000000 2.41609204 5.93537288
H 0.00000000 -2.41609204 5.93537288
H 0.00000000 0.00000000 -6.91607728

