16
# CAS 74-82-8, Heptazine
C 0.00000000 -2.28707566 1.32044375
C 0.00000000 -4.25961422 -2.45928942
C 0.00000000 -0.00000000 -2.64088750
C 0.00000000 4.25961422 -2.45928942
C 0.00000000 2.28707566 1.32044375
C 0.00000000 -0.00000000 4.91857884
N 0.00000000 0.00000000 -0.00000000
N 0.00000000 -4.45372767 0.04447145
N 0.00000000 2.18835043 -3.87927703
N 0.00000000 2.26537724 3.83480558
N 0.00000000 -2.26537724 3.83480558
N 0.00000000 -2.18835043 -3.87927703
N 0.00000000 4.45372767 0.04447145
H 0.00000000 6.02612802 -3.47918663
H 0.00000000 0.00000000 6.95837327
H 0.00000000 -6.02612802 -3.47918663

22
# CAS 74-84-0, Cyclazine
C 0.00000000 -2.29619838 1.32571075
C 0.00000000 -4.57380843 -2.64068953
C 0.00000000 -0.00000000 -2.65142150
C 0.00000000 4.57380843 -2.64068953
C 0.00000000 2.29619838 1.32571075
C 0.00000000 0.00000000 5.28137906
C 0.00000000 -4.57334297 -0.03501138
C 0.00000000 2.31699223 -3.94312550
C 0.00000000 2.25635074 3.97813688
C 0.00000000 -2.25635074 3.97813688
C 0.00000000 -2.31699223 -3.94312550
C 0.00000000 4.57334297 -0.03501138
N 0.00000000 -0.00000000 0.00000000
H 0.00000000 6.33829394 -3.65941571
H 0.00000000 0.00000000 7.31883143
H 0.00000000 -6.33829394 -3.65941571
H 0.00000000 -6.29930356 1.03947702
H 0.00000000 2.24943827 -5.97509542
H 0.00000000 4.04986529 4.93561840
H 0.00000000 -4.04986529 4.93561840
H 0.00000000 -2.24943827 -5.97509542
H 0.00000000 6.29930356 1.03947702

20
# CAS 74-85-1, Molecule3
C 0.00000000 -0.00000000 2.63044602
C 0.00000000 0.00000000 -5.32562322
C 0.00000000 -2.28292518 -1.38006964
C 0.00000000 2.28292518 -1.38006964
C 0.00000000 -2.25969211 -4.02080437
C 0.00000000 2.25969211 -4.02080437
C 0.00000000 -4.51358507 0.05853045
C 0.00000000 4.51358507 0.05853045
C 0.00000000 -4.33214653 2.63970976
C 0.00000000 4.33214653 2.63970976
N 0.00000000 -0.00000000 -0.07278591
N 0.00000000 -2.16002933 3.92349961
N 0.00000000 2.16002933 3.92349961
H 0.00000000 -4.05303029 -4.97864815
H 0.00000000 4.05303029 -4.97864815
H 0.00000000 -6.30224117 -0.90474256
H 0.00000000 6.30224117 -0.90474256
H 0.00000000 -6.02602008 3.78110657
H 0.00000000 6.02602008 3.78110657
H 0.00000000 0.00000000 -7.36246610

18
# CAS 74-86-2, Molecule4
C 0.00000000 -0.00000000 2.63028268
C 0.00000000 0.00000000 -5.22697144
C 0.00000000 -2.30154257 -1.30908237
C 0.00000000 2.30154257 -1.30908237
C 0.00000000 -2.27360261 -3.93623932
C 0.00000000 2.27360261 -3.93623932
C 0.00000000 -4.28150962 2.47338977
C 0.00000000 4.28150962 2.47338977
N 0.00000000 -0.00000000 -0.03667172
N 0.00000000 -4.49490929 -0.00724176
N 0.00000000 4.49490929 -0.00724176
N 0.00000000 -2.18121748 3.87245554
N 0.00000000 2.18121748 3.87245554
H 0.00000000 -4.07269227 -4.87627993
H 0.00000000 4.07269227 -4.87627993
H 0.00000000 -6.03233631 3.52231827
H 0.00000000 6.03233631 3.52231827
H 0.00000000 0.00000000 -7.26365004

18
# CAS 630-08-0, Molecule5
C 0.00000000 -0.00000000 2.69111414
C 0.00000000 0.00000000 -4.87509998
C 0.00000000 2.30395543 -1.27061860
C 0.00000000 -2.30395543 -1.27061860
C 0.00000000 4.49331827 2.44641378
C 0.00000000 -4.49331827 2.44641378
C 0.00000000 2.34715406 3.90527014
C 0.00000000 -2.34715406 3.90527014
N 0.00000000 -0.00000000 0.07673672
N 0.00000000 4.51036788 -0.07937485
N 0.00000000 -4.51036788 -0.07937485
N 0.00000000 2.25973325 -3.79578718
N 0.00000000 -2.25973325 -3.79578718
H 0.00000000 6.33127298 3.33521921
H 0.00000000 -6.33127298 3.33521921
H 0.00000000 2.41609204 5.93537288
H 0.00000000 -2.41609204 5.93537288
H 0.00000000 0.00000000 -6.91607728

21
# CAS 124-38-9, Molecule6
C 0.00000000 -0.00000000 2.69303231
C 0.00000000 -2.26853402 -1.29137282
C 0.00000000 2.26853402 -1.29137282
C 0.00000000 -2.13688574 -3.95022716
C 0.00000000 2.13688574 -3.95022716
C 0.00000000 -4.56260586 0.02708550
C 0.00000000 4.56260586 0.02708550
C 0.00000000 -4.57761039 2.63719631
C 0.00000000 4.57761039 2.63719631
C 0.00000000 -2.33218960 3.96312458
C 0.00000000 2.33218960 3.96312458
N 0.00000000 -0.00000000 0.05321330
N 0.00000000 0.00000000 -5.25366390
H 0.00000000 -3.89456715 -4.98070200
H 0.00000000 3.89456715 -4.98070200
H 0.00000000 -6.27773451 -1.06394342
H 0.00000000 6.27773451 -1.06394342
H 0.00000000 -6.34863038 3.64400469
H 0.00000000 6.34863038 3.64400469
H 0.00000000 -2.28865346 5.99578516
H 0.00000000 2.28865346 5.99578516

20
# CAS 75-73-0, Molecule7
C 0.00000000 -0.00000000 2.57288762
C 0.00000000 0.00000000 -5.28547533
C 0.00000000 2.28819776 -1.33986473
C 0.00000000 -2.28819776 -1.33986473
C 0.00000000 2.34330473 3.82174697
C 0.00000000 -2.34330473 3.82174697
C 0.00000000 2.26733906 -3.98866184
C 0.00000000 -2.26733906 -3.98866184
C 0.00000000 4.51483069 0.12733957
C 0.00000000 -4.51483069 0.12733957
N 0.00000000 4.54965666 2.63028556
N 0.00000000 -0.00000000 -0.05181144
N 0.00000000 -4.54965666 2.63028556
H 0.00000000 0.00000000 -7.32242747
H 0.00000000 2.34321313 5.85832928
H 0.00000000 -2.34321313 5.85832928
H 0.00000000 6.29748236 -0.85930252
H 0.00000000 -6.29748236 -0.85930252
H 0.00000000 4.05836778 -4.95006415
H 0.00000000 -4.05836778 -4.95006415

19
# CAS 593-53-3, Molecule8
C 0.00000000 -2.26352511 1.30684683
C 0.00000000 -0.00000000 -2.61369367
C 0.00000000 2.26352511 1.30684683
C 0.00000000 -4.50716704 -0.12180998
C 0.00000000 2.35907406 -3.84241616
C 0.00000000 2.14809298 3.96422614
C 0.00000000 -2.14809298 3.96422614
C 0.00000000 -2.35907406 -3.84241616
C 0.00000000 4.50716704 -0.12180998
N 0.00000000 -0.00000000 0.00000000
N 0.00000000 -4.55331317 -2.62885659
N 0.00000000 4.55331317 -2.62885659
N 0.00000000 0.00000000 5.25771317
H 0.00000000 -6.28226830 0.87641508
H 0.00000000 2.38213643 -5.87881148
H 0.00000000 3.90013187 5.00239640
H 0.00000000 -3.90013187 5.00239640
H 0.00000000 -2.38213643 -5.87881148
H 0.00000000 6.28226830 0.87641508

20
# CAS 75-46-7, Molecule9
B 0.00000000 0.00000000 -0.05273140
C 0.00000000 0.00000000 2.74223189
C 0.00000000 0.00000000 -5.33744297
C 0.00000000 2.45002887 -1.42250939
C 0.00000000 -2.45002887 -1.42250939
C 0.00000000 2.38780296 3.90963736
C 0.00000000 -2.38780296 3.90963736
C 0.00000000 2.33669736 -4.08087398
C 0.00000000 -2.33669736 -4.08087398
C 0.00000000 4.61478223 0.11491651
C 0.00000000 -4.61478223 0.11491651
N 0.00000000 4.60210444 2.66349182
N 0.00000000 -4.60210444 2.66349182
H 0.00000000 0.00000000 -7.37464827
H 0.00000000 2.57750127 5.95330533
H 0.00000000 -2.57750127 5.95330533
H 0.00000000 6.49745564 -0.70393848
H 0.00000000 -6.49745564 -0.70393848
H 0.00000000 4.03886143 -5.22298037
H 0.00000000 -4.03886143 -5.22298037

19
# CAS 67-56-1, Molecule10
B 0.00000000 -0.00000000 0.00000000
C 0.00000000 -2.41881246 1.39650203
C 0.00000000 -0.00000000 -2.79300406
C 0.00000000 2.41881246 1.39650203
C 0.00000000 -4.60570992 -0.11146995
C 0.00000000 2.39939076 -3.93292682
C 0.00000000 2.20631915 4.04439677
C 0.00000000 -2.20631915 4.04439677
C 0.00000000 -2.39939076 -3.93292682
C 0.00000000 4.60570992 -0.11146995
N 0.00000000 -4.60311804 -2.65761144
N 0.00000000 4.60311804 -2.65761144
N 0.00000000 0.00000000 5.31522288
H 0.00000000 -6.48246078 0.71791171
H 0.00000000 2.61950061 -5.97293157
H 0.00000000 3.86296017 5.25501986
H 0.00000000 -3.86296017 5.25501986
H 0.00000000 -2.61950061 -5.97293157
H 0.00000000 6.48246078 0.71791171

